#    s        x        y     Ue/Vinf    Dstar     Theta      Cf       H
   0.00000  1.00000  0.00000  0.91067  0.017689  0.007044  0.000352     2.511
   0.00657  0.99354  0.00125  0.91841  0.016258  0.006802  0.000450     2.390
   0.01777  0.98254  0.00329  0.92995  0.014666  0.006470  0.000581     2.267
   0.03051  0.96999  0.00550  0.94385  0.013179  0.006106  0.000734     2.158
   0.04458  0.95611  0.00782  0.95973  0.011838  0.005731  0.000905     2.066
   0.05965  0.94122  0.01015  0.97679  0.010680  0.005368  0.001086     1.990
   0.07541  0.92563  0.01245  0.99415  0.009710  0.005033  0.001269     1.929
   0.09162  0.90958  0.01468  1.01105  0.008915  0.004736  0.001443     1.882
   0.10811  0.89322  0.01683  1.02705  0.008265  0.004476  0.001606     1.847
   0.12481  0.87666  0.01889  1.04201  0.007730  0.004249  0.001756     1.819
   0.14165  0.85993  0.02085  1.05582  0.007288  0.004052  0.001891     1.798
   0.15859  0.84310  0.02274  1.06860  0.006915  0.003879  0.002014     1.782
   0.17561  0.82617  0.02454  1.08046  0.006595  0.003726  0.002125     1.770
   0.19271  0.80916  0.02627  1.09154  0.006316  0.003588  0.002227     1.761
   0.20985  0.79210  0.02793  1.10198  0.006069  0.003462  0.002321     1.753
   0.22703  0.77499  0.02952  1.11191  0.005847  0.003346  0.002409     1.747
   0.24425  0.75785  0.03104  1.12140  0.005644  0.003239  0.002491     1.743
   0.26148  0.74067  0.03251  1.13053  0.005458  0.003138  0.002569     1.739
   0.27874  0.72347  0.03391  1.13940  0.005284  0.003042  0.002644     1.737
   0.29600  0.70626  0.03525  1.14803  0.005122  0.002952  0.002716     1.735
   0.31327  0.68904  0.03653  1.15646  0.004968  0.002865  0.002785     1.734
   0.33054  0.67181  0.03775  1.16478  0.004822  0.002782  0.002853     1.733
   0.34781  0.65458  0.03891  1.17289  0.004684  0.002703  0.002918     1.733
   0.36507  0.63735  0.04001  1.18084  0.004553  0.002626  0.002981     1.734
   0.38234  0.62012  0.04104  1.18864  0.004428  0.002553  0.003041     1.735
   0.39959  0.60289  0.04202  1.19628  0.004310  0.002482  0.003098     1.736
   0.41684  0.58567  0.04292  1.20383  0.004196  0.002414  0.003153     1.738
   0.43409  0.56844  0.04377  1.21116  0.004088  0.002348  0.003204     1.741
   0.45134  0.55121  0.04455  1.21832  0.003986  0.002285  0.003251     1.744
   0.46858  0.53398  0.04526  1.22543  0.003887  0.002223  0.003295     1.748
   0.48583  0.51674  0.04591  1.23233  0.003794  0.002164  0.003333     1.753
   0.50308  0.49950  0.04649  1.23914  0.003705  0.002107  0.003368     1.759
   0.52034  0.48225  0.04701  1.24590  0.003620  0.002051  0.003398     1.765
   0.53761  0.46499  0.04747  1.25255  0.003538  0.001996  0.003422     1.772
   0.55489  0.44771  0.04787  1.25928  0.003459  0.001942  0.003442     1.781
   0.57219  0.43042  0.04821  1.26609  0.003382  0.001889  0.003457     1.790
   0.58950  0.41311  0.04848  1.27301  0.003308  0.001837  0.003466     1.801
   0.60683  0.39578  0.04871  1.28030  0.003234  0.001784  0.003473     1.813
   0.62418  0.37843  0.04888  1.28791  0.003160  0.001731  0.003474     1.826
   0.64154  0.36107  0.04900  1.29613  0.003086  0.001676  0.003474     1.841
   0.65892  0.34369  0.04907  1.30496  0.003010  0.001621  0.003469     1.857
   0.67631  0.32630  0.04909  1.31487  0.002930  0.001563  0.003467     1.874
   0.69371  0.30890  0.04907  1.32580  0.002847  0.001504  0.003465     1.894
   0.71110  0.29151  0.04900  1.33791  0.002761  0.001442  0.003462     1.915
   0.72847  0.27414  0.04889  1.35217  0.002665  0.001376  0.003473     1.937
   0.74580  0.25681  0.04874  1.36811  0.002563  0.001307  0.003487     1.961
   0.76306  0.23955  0.04853  1.38645  0.002454  0.001235  0.003514     1.987
   0.78023  0.22238  0.04826  1.40791  0.002333  0.001159  0.003563     2.014
   0.79726  0.20536  0.04793  1.43244  0.002205  0.001080  0.003629     2.042
   0.81410  0.18853  0.04753  1.46078  0.002069  0.000998  0.003720     2.072
   0.83066  0.17197  0.04702  1.49386  0.001923  0.000914  0.003846     2.105
   0.84686  0.15578  0.04641  1.53157  0.001776  0.000829  0.003994     2.141
   0.86258  0.14008  0.04567  1.57538  0.001625  0.000744  0.004175     2.183
   0.87768  0.12501  0.04477  1.62430  0.001483  0.000663  0.004338     2.237
   0.89199  0.11074  0.04371  1.67971  0.001350  0.000584  0.004458     2.310
   0.90534  0.09744  0.04249  1.74018  0.001240  0.000513  0.004409     2.420
   0.91760  0.08526  0.04111  1.80706  0.001159  0.000447  0.004053     2.595
   0.92868  0.07428  0.03960  1.88143  0.001127  0.000387  0.003149     2.912
   0.93857  0.06452  0.03798  1.97498  0.001153  0.000326  0.001733     3.539
   0.94733  0.05593  0.03629  2.10493  0.001226  0.000254  0.000564     4.835
   0.95507  0.04839  0.03454  2.26920  0.001281  0.000172 -0.000237     7.454
   0.96190  0.04180  0.03277  2.39769  0.001240  0.000116 -0.000504    10.726
   0.96796  0.03601  0.03098  2.41538  0.001097  0.000110 -0.000548     9.997
   0.97336  0.03092  0.02918  2.43601  0.000935  0.000104 -0.000587     8.986
   0.97820  0.02643  0.02737  2.46161  0.000784  0.000098 -0.000480     7.958
   0.98257  0.02245  0.02556  2.49240  0.000661  0.000093  0.000066     7.119
   0.98655  0.01891  0.02374  2.52743  0.000555  0.000087  0.001418     6.385
   0.99019  0.01577  0.02190  2.56099  0.000472  0.000080  0.003473     5.870
   0.99354  0.01298  0.02005  2.57961  0.000403  0.000073  0.005928     5.498
   0.99664  0.01050  0.01819  2.56959  0.000337  0.000065  0.008712     5.147
   0.99953  0.00831  0.01630  2.52012  0.000275  0.000057  0.011292     4.804
   1.00224  0.00639  0.01439  2.43712  0.000219  0.000049  0.014184     4.425
   1.00479  0.00473  0.01245  2.32133  0.000172  0.000042  0.016993     4.053
   1.00719  0.00333  0.01050  2.17906  0.000134  0.000036  0.019979     3.693
   1.00948  0.00218  0.00852  2.00831  0.000105  0.000031  0.022972     3.349
   1.01166  0.00127  0.00654  1.80916  0.000085  0.000028  0.024975     3.046
   1.01375  0.00062  0.00456  1.59657  0.000072  0.000025  0.024756     2.826
   1.01575  0.00020  0.00260  1.38080  0.000062  0.000024  0.024501     2.615
   1.01768  0.00001  0.00068  1.16687  0.000058  0.000023  0.021044     2.501
   1.01957  0.00004 -0.00121  0.97225  0.000055  0.000023  0.018398     2.391
   1.02153  0.00029 -0.00315  0.77822  0.000054  0.000024  0.014572     2.314
   1.02357  0.00078 -0.00513  0.60262  0.000056  0.000025  0.010599     2.288
   1.02570  0.00151 -0.00714  0.44163  0.000057  0.000026  0.007702     2.226
   1.02793  0.00248 -0.00915  0.29790  0.000063  0.000028  0.004542     2.252
   1.03029  0.00370 -0.01117  0.17096  0.000064  0.000029  0.002618     2.214
   1.03279  0.00518 -0.01319  0.05505  0.000074  0.000033  0.000714     2.230
   1.03545  0.00691 -0.01521 -0.04591  0.000074  0.000033  0.000596     2.230
   1.03830  0.00890 -0.01724 -0.13576  0.000085  0.000038  0.001499     2.257
   1.04137  0.01118 -0.01930 -0.21873  0.000088  0.000039  0.002390     2.234
   1.04469  0.01377 -0.02138 -0.29301  0.000099  0.000043  0.002734     2.293
   1.04831  0.01671 -0.02349 -0.36124  0.000105  0.000046  0.003279     2.270
   1.05229  0.02004 -0.02567 -0.42616  0.000114  0.000049  0.003473     2.308
   1.05668  0.02381 -0.02790 -0.48471  0.000124  0.000053  0.003616     2.325
   1.06156  0.02811 -0.03022 -0.53977  0.000135  0.000058  0.003705     2.341
   1.06703  0.03302 -0.03264 -0.59132  0.000147  0.000062  0.003702     2.363
   1.07320  0.03864 -0.03517 -0.64143  0.000158  0.000067  0.003740     2.375
   1.08018  0.04510 -0.03782 -0.68832  0.000173  0.000072  0.003621     2.405
   1.08810  0.05252 -0.04060 -0.73259  0.000188  0.000078  0.003539     2.423
   1.09707  0.06101 -0.04349 -0.77532  0.000204  0.000084  0.003450     2.441
   1.10715  0.07064 -0.04647 -0.81561  0.000222  0.000090  0.003320     2.464
   1.11833  0.08141 -0.04950 -0.85315  0.000241  0.000097  0.003187     2.485
   1.13054  0.09324 -0.05250 -0.88823  0.000261  0.000104  0.003073     2.502
   1.14362  0.10598 -0.05543 -0.92036  0.000281  0.000111  0.002945     2.522
   1.15739  0.11947 -0.05821 -0.94989  0.000301  0.000118  0.002841     2.538
   1.17169  0.13354 -0.06082 -0.97679  0.000320  0.000125  0.002737     2.554
   1.18638  0.14802 -0.06322 -1.00127  0.000340  0.000132  0.002642     2.569
   1.20134  0.16283 -0.06540 -1.02330  0.000359  0.000139  0.002545     2.585
   1.21650  0.17786 -0.06734 -1.04349  0.000378  0.000146  0.002467     2.597
   1.23180  0.19306 -0.06905 -1.06148  0.000398  0.000152  0.002375     2.613
   1.24720  0.20840 -0.07052 -1.07740  0.000418  0.000159  0.002281     2.630
   1.26268  0.22382 -0.07175 -1.09172  0.000437  0.000165  0.002200     2.644
   1.27822  0.23933 -0.07275 -1.10357  0.000459  0.000172  0.002085     2.667
   1.29381  0.25490 -0.07351 -1.11421  0.000479  0.000179  0.002004     2.681
   1.30944  0.27052 -0.07404 -1.12270  0.000503  0.000186  0.001892     2.704
   1.32511  0.28620 -0.07434 -1.12952  0.000527  0.000193  0.001785     2.727
   1.34083  0.30191 -0.07440 -1.13415  0.000554  0.000201  0.001656     2.759
   1.35659  0.31767 -0.07425 -1.13766  0.000581  0.000209  0.001553     2.782
   1.37239  0.33347 -0.07387 -1.13893  0.000613  0.000217  0.001415     2.822
   1.38824  0.34931 -0.07327 -1.13861  0.000648  0.000226  0.001280     2.864
   1.40416  0.36520 -0.07246 -1.13667  0.000687  0.000236  0.001141     2.914
   1.42013  0.38114 -0.07144 -1.13311  0.000733  0.000246  0.000993     2.976
   1.43617  0.39713 -0.07022 -1.12818  0.000785  0.000257  0.000844     3.049
   1.45229  0.41319 -0.06880 -1.12172  0.000849  0.000269  0.000680     3.152
   1.46848  0.42930 -0.06718 -1.11437  0.000923  0.000282  0.000521     3.275
   1.48477  0.44549 -0.06539 -1.10624  0.001017  0.000295  0.000356     3.447
   1.50115  0.46176 -0.06341 -1.09802  0.001134  0.000308  0.000199     3.677
   1.51764  0.47810 -0.06127 -1.09041  0.001273  0.000321  0.000068     3.967
   1.53424  0.49454 -0.05897 -1.08379  0.001431  0.000332 -0.000025     4.308
   1.55095  0.51107 -0.05652 -1.07805  0.001580  0.000343 -0.000073     4.613
   1.56779  0.52771 -0.05394 -1.07280  0.001678  0.000352 -0.000086     4.761
   1.58475  0.54446 -0.05124 -1.06646  0.001647  0.000365 -0.000057     4.513
   1.60185  0.56133 -0.04842 -1.00862  0.001212  0.000487  0.001046     2.492
   1.61909  0.57832 -0.04551 -0.99008  0.001024  0.000537  0.002489     1.907
   1.63646  0.59542 -0.04253 -0.97934  0.000996  0.000583  0.003258     1.709
   1.65393  0.61264 -0.03949 -0.96836  0.001039  0.000636  0.003502     1.632
   1.67148  0.62991 -0.03642 -0.95649  0.001114  0.000696  0.003494     1.602
   1.68902  0.64718 -0.03335 -0.94440  0.001205  0.000758  0.003386     1.590
   1.70646  0.66435 -0.03033 -0.93216  0.001306  0.000823  0.003238     1.586
   1.72378  0.68142 -0.02737 -0.92062  0.001409  0.000889  0.003091     1.586
   1.74096  0.69836 -0.02449 -0.90939  0.001517  0.000955  0.002945     1.588
   1.75800  0.71517 -0.02171 -0.89900  0.001623  0.001021  0.002815     1.590
   1.77491  0.73187 -0.01905 -0.88925  0.001729  0.001086  0.002698     1.592
   1.79169  0.74845 -0.01652 -0.88057  0.001831  0.001149  0.002600     1.593
   1.80834  0.76493 -0.01413 -0.87262  0.001929  0.001211  0.002515     1.593
   1.82488  0.78132 -0.01190 -0.86573  0.002020  0.001269  0.002447     1.592
   1.84131  0.79762 -0.00983 -0.85992  0.002103  0.001323  0.002396     1.590
   1.85764  0.81384 -0.00793 -0.85509  0.002178  0.001373  0.002358     1.587
   1.87388  0.83000 -0.00621 -0.85151  0.002241  0.001417  0.002338     1.582
   1.89005  0.84609 -0.00468 -0.84919  0.002291  0.001454  0.002334     1.575
   1.90614  0.86212 -0.00335 -0.84821  0.002326  0.001484  0.002345     1.567
   1.92216  0.87810 -0.00221 -0.84857  0.002348  0.001507  0.002372     1.558
   1.93810  0.89401 -0.00127 -0.85042  0.002355  0.001521  0.002416     1.548
   1.95392  0.90982 -0.00053 -0.85413  0.002343  0.001525  0.002481     1.537
   1.96957  0.92546  0.00001 -0.85974  0.002315  0.001518  0.002567     1.524
   1.98491  0.94080  0.00034 -0.86749  0.002268  0.001500  0.002675     1.512
   1.99971  0.95560  0.00050 -0.87780  0.002203  0.001470  0.002812     1.499
   2.01365  0.96954  0.00049 -0.89098  0.002118  0.001426  0.002982     1.485
   2.02635  0.98224  0.00037 -0.90715  0.002018  0.001370  0.003187     1.473
   2.03754  0.99343  0.00016 -0.92997  0.001879  0.001289  0.003483     1.458
   2.04412  1.00000  0.00000 -0.91067  0.002055  0.001389  0.003161     1.480
   2.04412  1.00010 -0.00001  0.91067  0.019744  0.008433  0.000000     2.341
   2.05070  1.00664 -0.00065  0.91679  0.018296  0.008213  0.000000     2.228
   2.05839  1.01431 -0.00123  0.91983  0.017531  0.008109  0.000000     2.162
   2.06738  1.02329 -0.00180  0.92290  0.016809  0.008008  0.000000     2.099
   2.07790  1.03379 -0.00237  0.92612  0.016108  0.007905  0.000000     2.038
   2.09020  1.04608 -0.00293  0.92961  0.015413  0.007797  0.000000     1.977
   2.10458  1.06045 -0.00348  0.93341  0.014721  0.007684  0.000000     1.916
   2.12140  1.07726 -0.00400  0.93752  0.014037  0.007566  0.000000     1.855
   2.14107  1.09693 -0.00448  0.94192  0.013368  0.007445  0.000000     1.796
   2.16408  1.11993 -0.00490  0.94652  0.012722  0.007322  0.000000     1.737
   2.19098  1.14683 -0.00523  0.95124  0.012106  0.007202  0.000000     1.681
   2.22244  1.17829 -0.00543  0.95600  0.011526  0.007085  0.000000     1.627
   2.25923  1.21508 -0.00545  0.96068  0.010987  0.006975  0.000000     1.575
   2.30226  1.25811 -0.00525  0.96521  0.010491  0.006872  0.000000     1.527
   2.35258  1.30842 -0.00475  0.96953  0.010039  0.006777  0.000000     1.481
   2.41142  1.36726 -0.00387  0.97357  0.009632  0.006691  0.000000     1.440
   2.48024  1.43606 -0.00250  0.97729  0.009269  0.006614  0.000000     1.401
   2.56072  1.51652 -0.00052  0.98067  0.008950  0.006547  0.000000     1.367
   2.65483  1.61059  0.00221  0.98371  0.008671  0.006487  0.000000     1.337
   2.76489  1.72059  0.00588  0.98639  0.008432  0.006436  0.000000     1.310
   2.89360  1.84921  0.01070  0.98871  0.008229  0.006392  0.000000     1.287
   3.04412  1.99960  0.01692  0.99132  0.008046  0.006344  0.000000     1.268
