AIRFOIL                                         
 Alfa =   4.50780 Re =  1778809.000 Xflap,Yflap =     0.000000    0.000000
#    x        y        Cp  
   1.00000  0.00000  0.17386
   0.99354  0.00125  0.15918
   0.98254  0.00329  0.13718
   0.96999  0.00550  0.11042
   0.95611  0.00782  0.07958
   0.94122  0.01015  0.04610
   0.92563  0.01245  0.01168
   0.90958  0.01468 -0.02216
   0.89322  0.01683 -0.05452
   0.87666  0.01889 -0.08502
   0.85993  0.02085 -0.11340
   0.84310  0.02274 -0.13985
   0.82617  0.02454 -0.16455
   0.80916  0.02627 -0.18775
   0.79210  0.02793 -0.20973
   0.77499  0.02952 -0.23076
   0.75785  0.03104 -0.25092
   0.74067  0.03251 -0.27042
   0.72347  0.03391 -0.28943
   0.70626  0.03525 -0.30800
   0.68904  0.03653 -0.32621
   0.67181  0.03775 -0.34425
   0.65458  0.03891 -0.36191
   0.63735  0.04001 -0.37926
   0.62012  0.04104 -0.39634
   0.60289  0.04202 -0.41313
   0.58567  0.04292 -0.42979
   0.56844  0.04377 -0.44599
   0.55121  0.04455 -0.46188
   0.53398  0.04526 -0.47769
   0.51674  0.04591 -0.49308
   0.49950  0.04649 -0.50829
   0.48225  0.04701 -0.52346
   0.46499  0.04747 -0.53839
   0.44771  0.04787 -0.55358
   0.43042  0.04821 -0.56895
   0.41311  0.04848 -0.58462
   0.39578  0.04871 -0.60116
   0.37843  0.04888 -0.61849
   0.36107  0.04900 -0.63726
   0.34369  0.04907 -0.65747
   0.32630  0.04909 -0.68023
   0.30890  0.04907 -0.70543
   0.29151  0.04900 -0.73344
   0.27414  0.04889 -0.76658
   0.25681  0.04874 -0.80380
   0.23955  0.04853 -0.84684
   0.22238  0.04826 -0.89752
   0.20536  0.04793 -0.95584
   0.18853  0.04753 -1.02370
   0.17197  0.04702 -1.10356
   0.15578  0.04641 -1.19545
   0.14008  0.04567 -1.30325
   0.12501  0.04477 -1.42489
   0.11074  0.04371 -1.56418
   0.09744  0.04249 -1.71794
   0.08526  0.04111 -1.88994
   0.07428  0.03960 -2.08341
   0.06452  0.03798 -2.32984
   0.05593  0.03629 -2.67718
   0.04839  0.03454 -3.12350
   0.04180  0.03277 -3.47748
   0.03601  0.03098 -3.52654
   0.03092  0.02918 -3.58379
   0.02643  0.02737 -3.65499
   0.02245  0.02556 -3.74081
   0.01891  0.02374 -3.83865
   0.01577  0.02190 -3.93264
   0.01298  0.02005 -3.98488
   0.01050  0.01819 -3.95675
   0.00831  0.01630 -3.81823
   0.00639  0.01439 -3.58689
   0.00473  0.01245 -3.26664
   0.00333  0.01050 -2.87766
   0.00218  0.00852 -2.41840
   0.00127  0.00654 -1.89537
   0.00062  0.00456 -1.35577
   0.00020  0.00260 -0.83357
   0.00001  0.00068 -0.34880
   0.00004 -0.00121  0.05505
   0.00029 -0.00315  0.41224
   0.00078 -0.00513  0.68639
   0.00151 -0.00714  0.88784
   0.00248 -0.00915  1.02081
   0.00370 -0.01117  1.09739
   0.00518 -0.01319  1.13160
   0.00691 -0.01521  1.13281
   0.00890 -0.01724  1.11145
   0.01118 -0.01930  1.07326
   0.01377 -0.02138  1.02450
   0.01671 -0.02349  0.96803
   0.02004 -0.02567  0.90438
   0.02381 -0.02790  0.83908
   0.02811 -0.03022  0.77118
   0.03302 -0.03264  0.70217
   0.03864 -0.03517  0.63034
   0.04510 -0.03782  0.55908
   0.05252 -0.04060  0.48838
   0.06101 -0.04349  0.41718
   0.07064 -0.04647  0.34747
   0.08141 -0.04950  0.28041
   0.09324 -0.05250  0.21596
   0.10598 -0.05543  0.15548
   0.11947 -0.05821  0.09873
   0.13354 -0.06082  0.04610
   0.14802 -0.06322 -0.00254
   0.16283 -0.06540 -0.04692
   0.17786 -0.06734 -0.08805
   0.19306 -0.06905 -0.12508
   0.20840 -0.07052 -0.15816
   0.22382 -0.07175 -0.18812
   0.23933 -0.07275 -0.21309
   0.25490 -0.07351 -0.23563
   0.27052 -0.07404 -0.25369
   0.28620 -0.07434 -0.26824
   0.30191 -0.07440 -0.27815
   0.31767 -0.07425 -0.28568
   0.33347 -0.07387 -0.28841
   0.34931 -0.07327 -0.28772
   0.36520 -0.07246 -0.28356
   0.38114 -0.07144 -0.27593
   0.39713 -0.07022 -0.26539
   0.41319 -0.06880 -0.25160
   0.42930 -0.06718 -0.23597
   0.44549 -0.06539 -0.21874
   0.46176 -0.06341 -0.20137
   0.47810 -0.06127 -0.18538
   0.49454 -0.05897 -0.17152
   0.51107 -0.05652 -0.15952
   0.52771 -0.05394 -0.14858
   0.54446 -0.05124 -0.13541
   0.56133 -0.04842 -0.01729
   0.57832 -0.04551  0.01979
   0.59542 -0.04253  0.04107
   0.61264 -0.03949  0.06268
   0.62991 -0.03642  0.08591
   0.64718 -0.03335  0.10937
   0.66435 -0.03033  0.13293
   0.68142 -0.02737  0.15498
   0.69836 -0.02449  0.17627
   0.71517 -0.02171  0.19584
   0.73187 -0.01905  0.21405
   0.74845 -0.01652  0.23017
   0.76493 -0.01413  0.24484
   0.78132 -0.01190  0.25747
   0.79762 -0.00983  0.26809
   0.81384 -0.00793  0.27689
   0.83000 -0.00621  0.28337
   0.84609 -0.00468  0.28756
   0.86212 -0.00335  0.28934
   0.87810 -0.00221  0.28869
   0.89401 -0.00127  0.28536
   0.90982 -0.00053  0.27862
   0.92546  0.00001  0.26842
   0.94080  0.00034  0.25425
   0.95560  0.00050  0.23530
   0.96954  0.00049  0.21083
   0.98224  0.00037  0.18051
   0.99343  0.00016  0.13714
   1.00000  0.00000  0.17386
