AIRFOIL
  1.0000000000  0.0000000000
  0.9999724010  0.0000054175
  0.9998896070  0.0000216653
  0.9997516273  0.0000487290
  0.9995584769  0.0000865846
  0.9993101773  0.0001351988
  0.9990067558  0.0001945288
  0.9986482460  0.0002645222
  0.9982346874  0.0003451179
  0.9977661256  0.0004362453
  0.9972426125  0.0005378250
  0.9966642058  0.0006497689
  0.9960309693  0.0007719803
  0.9953429730  0.0009043541
  0.9946002928  0.0010467771
  0.9938030107  0.0011991283
  0.9929512148  0.0013612789
  0.9920449989  0.0015330929
  0.9910844633  0.0017144270
  0.9900697139  0.0019051313
  0.9890008628  0.0021050495
  0.9878780279  0.0023140190
  0.9867013333  0.0025318715
  0.9854709087  0.0027584331
  0.9841868901  0.0029935248
  0.9828494192  0.0032369631
  0.9814586437  0.0034885598
  0.9800147170  0.0037481227
  0.9785177986  0.0040154561
  0.9769680538  0.0042903610
  0.9753656536  0.0045726353
  0.9737107750  0.0048620745
  0.9720036005  0.0051584720
  0.9702443188  0.0054616193
  0.9684331239  0.0057713066
  0.9665702159  0.0060873230
  0.9646558004  0.0064094568
  0.9626900888  0.0067374961
  0.9606732980  0.0070712291
  0.9586056508  0.0074104440
  0.9564873753  0.0077549302
  0.9543187054  0.0081044777
  0.9520998805  0.0084588779
  0.9498311456  0.0088179240
  0.9475127512  0.0091814108
  0.9451449531  0.0095491355
  0.9427280128  0.0099208977
  0.9402621971  0.0102964994
  0.9377477782  0.0106757460
  0.9351850337  0.0110584455
  0.9325742466  0.0114444095
  0.9299157049  0.0118334529
  0.9272097023  0.0122253945
  0.9244565374  0.0126200566
  0.9216565142  0.0130172657
  0.9188099418  0.0134168520
  0.9159171345  0.0138186500
  0.9129784116  0.0142224985
  0.9099940975  0.0146282404
  0.9069645217  0.0150357230
  0.9038900186  0.0154447976
  0.9007709277  0.0158553203
  0.8976075933  0.0162671511
  0.8944003646  0.0166801545
  0.8911495956  0.0170941991
  0.8878556454  0.0175091579
  0.8845188773  0.0179249077
  0.8811396600  0.0183413296
  0.8777183663  0.0187583082
  0.8742553741  0.0191757324
  0.8707510655  0.0195934944
  0.8672058275  0.0200114901
  0.8636200515  0.0204296186
  0.8599941332  0.0208477824
  0.8563284731  0.0212658868
  0.8526234757  0.0216838404
  0.8488795500  0.0221015539
  0.8450971095  0.0225189410
  0.8412765716  0.0229359173
  0.8374183582  0.0233524007
  0.8335228951  0.0237683110
  0.8295906124  0.0241835695
  0.8256219442  0.0245980992
  0.8216173286  0.0250118241
  0.8175772078  0.0254246694
  0.8135020277  0.0258365612
  0.8093922383  0.0262474261
  0.8052482932  0.0266571912
  0.8010706499  0.0270657839
  0.7968597696  0.0274731316
  0.7926161171  0.0278791615
  0.7883401611  0.0282838006
  0.7840323734  0.0286869754
  0.7796932296  0.0290886119
  0.7753232089  0.0294886351
  0.7709227936  0.0298869693
  0.7664924694  0.0302835375
  0.7620327256  0.0306782619
  0.7575440544  0.0310710631
  0.7530269514  0.0314618605
  0.7484819152  0.0318505723
  0.7439094475  0.0322371148
  0.7393100533  0.0326214031
  0.7346842402  0.0330033506
  0.7300325189  0.0333828692
  0.7253554029  0.0337598691
  0.7206534085  0.0341342591
  0.7159270550  0.0345059464
  0.7111768639  0.0348748366
  0.7064033597  0.0352408339
  0.7016070695  0.0356038413
  0.6967885226  0.0359637603
  0.6919482511  0.0363204915
  0.6870867892  0.0366739340
  0.6822046737  0.0370239864
  0.6773024435  0.0373705463
  0.6723806399  0.0377135108
  0.6674398061  0.0380527762
  0.6624804876  0.0383882390
  0.6575032319  0.0387197952
  0.6525085885  0.0390473411
  0.6474971088  0.0393707732
  0.6424693460  0.0396899886
  0.6374258551  0.0400048851
  0.6323671930  0.0403153615
  0.6272939180  0.0406213178
  0.6222065903  0.0409226555
  0.6171057715  0.0412192776
  0.6119920247  0.0415110892
  0.6068659144  0.0417979976
  0.6017280065  0.0420799125
  0.5965788683  0.0423567463
  0.5914190681  0.0426284141
  0.5862491757  0.0428948345
  0.5810697617  0.0431559293
  0.5758813979  0.0434116240
  0.5706846571  0.0436618479
  0.5654801130  0.0439065343
  0.5602683401  0.0441456210
  0.5550499139  0.0443790500
  0.5498254104  0.0446067682
  0.5445954063  0.0448287272
  0.5393604791  0.0450448836
  0.5341212067  0.0452551993
  0.5288781674  0.0454596412
  0.5236319401  0.0456581820
  0.5183831039  0.0458507994
  0.5131322383  0.0460374772
  0.5078799229  0.0462182045
  0.5026267376  0.0463929762
  0.4973732624  0.0465617930
  0.4921200771  0.0467246613
  0.4868677617  0.0468815933
  0.4816168961  0.0470326066
  0.4763680599  0.0471777249
  0.4711218326  0.0473169771
  0.4658787933  0.0474503979
  0.4606395209  0.0475780271
  0.4554045937  0.0476999098
  0.4501745896  0.0478160964
  0.4449500861  0.0479266418
  0.4397316599  0.0480316058
  0.4345198870  0.0481310528
  0.4293153429  0.0482250513
  0.4241186021  0.0483136736
  0.4189302383  0.0483969961
  0.4137508243  0.0484750982
  0.4085809319  0.0485480626
  0.4034211317  0.0486159746
  0.3982719935  0.0486789221
  0.3931340856  0.0487369948
  0.3880079753  0.0487902841
  0.3828942285  0.0488388827
  0.3777934097  0.0488828842
  0.3727060820  0.0489223826
  0.3676328070  0.0489574717
  0.3625741449  0.0489882451
  0.3575306540  0.0490147954
  0.3525028912  0.0490372139
  0.3474914115  0.0490555902
  0.3424967681  0.0490700115
  0.3375195124  0.0490805623
  0.3325601939  0.0490873241
  0.3276193601  0.0490903746
  0.3226975565  0.0490897875
  0.3177953263  0.0490856319
  0.3129132108  0.0490779721
  0.3080517489  0.0490668668
  0.3032114774  0.0490523689
  0.2983929305  0.0490345251
  0.2935966403  0.0490133752
  0.2888231361  0.0489889522
  0.2840729450  0.0489612816
  0.2793465915  0.0489303810
  0.2746445971  0.0488962599
  0.2699674811  0.0488589193
  0.2653157598  0.0488183514
  0.2606899467  0.0487745395
  0.2560905525  0.0487274574
  0.2515180848  0.0486770694
  0.2469730486  0.0486233302
  0.2424559456  0.0485661842
  0.2379672744  0.0485055662
  0.2335075306  0.0484414003
  0.2290772064  0.0483736007
  0.2246767911  0.0483020710
  0.2203067704  0.0482267045
  0.2159676266  0.0481473840
  0.2116598389  0.0480639821
  0.2073838829  0.0479763609
  0.2031402304  0.0478843726
  0.1989293501  0.0477878590
  0.1947517068  0.0476866521
  0.1906077617  0.0475805744
  0.1864979723  0.0474694388
  0.1824227922  0.0473530488
  0.1783826714  0.0472311993
  0.1743780558  0.0471036764
  0.1704093876  0.0469702583
  0.1664771049  0.0468307150
  0.1625816418  0.0466848095
  0.1587234284  0.0465322976
  0.1549028905  0.0463729288
  0.1511204500  0.0462064466
  0.1473765243  0.0460325892
  0.1436715269  0.0458510901
  0.1400058668  0.0456616784
  0.1363799485  0.0454640796
  0.1327941725  0.0452580165
  0.1292489345  0.0450432094
  0.1257446259  0.0448193771
  0.1222816337  0.0445862373
  0.1188603400  0.0443435080
  0.1154811227  0.0440909071
  0.1121443546  0.0438281544
  0.1088504044  0.0435549712
  0.1055996354  0.0432710821
  0.1023924067  0.0429762149
  0.0992290723  0.0426701020
  0.0961099814  0.0423524807
  0.0930354783  0.0420230944
  0.0900059025  0.0416816931
  0.0870215884  0.0413280342
  0.0840828655  0.0409618834
  0.0811900582  0.0405830153
  0.0783434858  0.0401912142
  0.0755434626  0.0397862751
  0.0727902977  0.0393680039
  0.0700842951  0.0389362185
  0.0674257534  0.0384907494
  0.0648149663  0.0380314404
  0.0622522218  0.0375581490
  0.0597378029  0.0370707474
  0.0572719872  0.0365691230
  0.0548550469  0.0360531787
  0.0524872488  0.0355228337
  0.0501688544  0.0349780238
  0.0479001195  0.0344187024
  0.0456812946  0.0338448402
  0.0435126247  0.0332564262
  0.0413943492  0.0326534676
  0.0393267020  0.0320359906
  0.0373099112  0.0314040403
  0.0353441996  0.0307576814
  0.0334297841  0.0300969978
  0.0315668761  0.0294220933
  0.0297556812  0.0287330915
  0.0279963995  0.0280301359
  0.0262892250  0.0273133900
  0.0246343464  0.0265830372
  0.0230319462  0.0258392810
  0.0214822014  0.0250823444
  0.0199852830  0.0243124702
  0.0185413563  0.0235299209
  0.0171505808  0.0227349781
  0.0158131099  0.0219279423
  0.0145290913  0.0211091328
  0.0132986667  0.0202788872
  0.0121219721  0.0194375611
  0.0109991372  0.0185855275
  0.0099302861  0.0177231764
  0.0089155367  0.0168509142
  0.0079550011  0.0159691634
  0.0070487852  0.0150783616
  0.0061969893  0.0141789611
  0.0053997072  0.0132714285
  0.0046570270  0.0123562432
  0.0039690307  0.0114338976
  0.0033357942  0.0105048956
  0.0027573875  0.0095697523
  0.0022338744  0.0086289928
  0.0017653126  0.0076831517
  0.0013517540  0.0067327719
  0.0009932442  0.0057784039
  0.0006898227  0.0048206051
  0.0004415231  0.0038599384
  0.0002483727  0.0028969715
  0.0001103930  0.0019322761
  0.0000275990  0.0009664268
  0.0000000000  0.0000000000
  0.0000275990  -0.0009664988
  0.0001103930  -0.0019328522
  0.0002483727  -0.0028989148
  0.0004415231  -0.0038645416
  0.0006898227  -0.0048295878
  0.0009932442  -0.0057939094
  0.0013517540  -0.0067573627
  0.0017653126  -0.0077198049
  0.0022338744  -0.0086810940
  0.0027573875  -0.0096410889
  0.0033357942  -0.0105996497
  0.0039690307  -0.0115566375
  0.0046570270  -0.0125119146
  0.0053997072  -0.0134653445
  0.0061969893  -0.0144167924
  0.0070487852  -0.0153661245
  0.0079550011  -0.0163132087
  0.0089155367  -0.0172579142
  0.0099302861  -0.0182001117
  0.0109991372  -0.0191396736
  0.0121219721  -0.0200764736
  0.0132986667  -0.0210103868
  0.0145290913  -0.0219412900
  0.0158131099  -0.0228690613
  0.0171505808  -0.0237935800
  0.0185413563  -0.0247147268
  0.0199852830  -0.0256323836
  0.0214822014  -0.0265464333
  0.0230319462  -0.0274567600
  0.0246343464  -0.0283632485
  0.0262892250  -0.0292657842
  0.0279963995  -0.0301642534
  0.0297556812  -0.0310585427
  0.0315668761  -0.0319485388
  0.0334297841  -0.0328341288
  0.0353441996  -0.0337151994
  0.0373099112  -0.0345916371
  0.0393267020  -0.0354633280
  0.0413943492  -0.0363301575
  0.0435126247  -0.0371920097
  0.0456812946  -0.0380487679
  0.0479001195  -0.0389003139
  0.0501688544  -0.0397465278
  0.0524872488  -0.0405872878
  0.0548550469  -0.0414224700
  0.0572719872  -0.0422519483
  0.0597378029  -0.0430755936
  0.0622522218  -0.0438932743
  0.0648149663  -0.0447048555
  0.0674257534  -0.0455101990
  0.0700842951  -0.0463091631
  0.0727902977  -0.0471016020
  0.0755434626  -0.0478873662
  0.0783434858  -0.0486663018
  0.0811900582  -0.0494382504
  0.0840828655  -0.0502030490
  0.0870215884  -0.0509605297
  0.0900059025  -0.0517105197
  0.0930354783  -0.0524528408
  0.0961099814  -0.0531873097
  0.0992290723  -0.0539137375
  0.1023924067  -0.0546319297
  0.1055996354  -0.0553416862
  0.1088504044  -0.0560428012
  0.1121443546  -0.0567350629
  0.1154811227  -0.0574182539
  0.1188603400  -0.0580921507
  0.1222816337  -0.0587565239
  0.1257446259  -0.0594111386
  0.1292489345  -0.0600557537
  0.1327941725  -0.0606901227
  0.1363799485  -0.0613139931
  0.1400058668  -0.0619271073
  0.1436715269  -0.0625292021
  0.1473765243  -0.0631200090
  0.1511204500  -0.0636992549
  0.1549028905  -0.0642666615
  0.1587234284  -0.0648219461
  0.1625816418  -0.0653648219
  0.1664771049  -0.0658949979
  0.1704093876  -0.0664121796
  0.1743780558  -0.0669160691
  0.1783826714  -0.0674063657
  0.1824227922  -0.0678827659
  0.1864979723  -0.0683449644
  0.1906077617  -0.0687926540
  0.1947517068  -0.0692255264
  0.1989293501  -0.0696432724
  0.2031402304  -0.0700455826
  0.2073838829  -0.0704321482
  0.2116598389  -0.0708026607
  0.2159676266  -0.0711568133
  0.2203067704  -0.0714943011
  0.2246767911  -0.0718148218
  0.2290772064  -0.0721180761
  0.2335075306  -0.0724037684
  0.2379672744  -0.0726716078
  0.2424559456  -0.0729213081
  0.2469730486  -0.0731525888
  0.2515180848  -0.0733651758
  0.2560905525  -0.0735588020
  0.2606899467  -0.0737332076
  0.2653157598  -0.0738881414
  0.2699674811  -0.0740233609
  0.2746445971  -0.0741386334
  0.2793465915  -0.0742337361
  0.2840729450  -0.0743084573
  0.2888231361  -0.0743625968
  0.2935966403  -0.0743959663
  0.2983929305  -0.0744083907
  0.3032114774  -0.0743997078
  0.3080517489  -0.0743697695
  0.3129132108  -0.0743184423
  0.3177953263  -0.0742456077
  0.3226975565  -0.0741511629
  0.3276193601  -0.0740350212
  0.3325601939  -0.0738971124
  0.3375195124  -0.0737373836
  0.3424967681  -0.0735557993
  0.3474914115  -0.0733523420
  0.3525028912  -0.0731270128
  0.3575306540  -0.0728798311
  0.3625741449  -0.0726108356
  0.3676328070  -0.0723200844
  0.3727060820  -0.0720076550
  0.3777934097  -0.0716736451
  0.3828942285  -0.0713181720
  0.3880079753  -0.0709413735
  0.3931340856  -0.0705434077
  0.3982719935  -0.0701244531
  0.4034211317  -0.0696847086
  0.4085809319  -0.0692243937
  0.4137508243  -0.0687437481
  0.4189302383  -0.0682430322
  0.4241186021  -0.0677225265
  0.4293153429  -0.0671825316
  0.4345198870  -0.0666233681
  0.4397316599  -0.0660453763
  0.4449500861  -0.0654489161
  0.4501745896  -0.0648343662
  0.4554045937  -0.0642021244
  0.4606395209  -0.0635526069
  0.4658787933  -0.0628862477
  0.4711218326  -0.0622034985
  0.4763680599  -0.0615048282
  0.4816168961  -0.0607907219
  0.4868677617  -0.0600616810
  0.4921200771  -0.0593182221
  0.4973732624  -0.0585608765
  0.5026267376  -0.0577901899
  0.5078799229  -0.0570067210
  0.5131322383  -0.0562110416
  0.5183831039  -0.0554037352
  0.5236319401  -0.0545853966
  0.5288781674  -0.0537566310
  0.5341212067  -0.0529180531
  0.5393604791  -0.0520702866
  0.5445954063  -0.0512139629
  0.5498254104  -0.0503497205
  0.5550499139  -0.0494782042
  0.5602683401  -0.0486000640
  0.5654801130  -0.0477159542
  0.5706846571  -0.0468265328
  0.5758813979  -0.0459324600
  0.5810697617  -0.0450343979
  0.5862491757  -0.0441330093
  0.5914190681  -0.0432289565
  0.5965788683  -0.0423229010
  0.6017280065  -0.0414155020
  0.6068659144  -0.0405074158
  0.6119920247  -0.0395992946
  0.6171057715  -0.0386917860
  0.6222065903  -0.0377855319
  0.6272939180  -0.0368811673
  0.6323671930  -0.0359793202
  0.6374258551  -0.0350806100
  0.6424693460  -0.0341856471
  0.6474971088  -0.0332950318
  0.6525085885  -0.0324093539
  0.6575032319  -0.0315291915
  0.6624804876  -0.0306551106
  0.6674398061  -0.0297876643
  0.6723806399  -0.0289273920
  0.6773024435  -0.0280748186
  0.6822046737  -0.0272304546
  0.6870867892  -0.0263947944
  0.6919482511  -0.0255683167
  0.6967885226  -0.0247514836
  0.7016070695  -0.0239447399
  0.7064033597  -0.0231485130
  0.7111768639  -0.0223632123
  0.7159270550  -0.0215892287
  0.7206534085  -0.0208269344
  0.7253554029  -0.0200766829
  0.7300325189  -0.0193388079
  0.7346842402  -0.0186136239
  0.7393100533  -0.0179014254
  0.7439094475  -0.0172024873
  0.7484819152  -0.0165170643
  0.7530269514  -0.0158453908
  0.7575440544  -0.0151876814
  0.7620327256  -0.0145441302
  0.7664924694  -0.0139149115
  0.7709227936  -0.0133001793
  0.7753232089  -0.0127000675
  0.7796932296  -0.0121146905
  0.7840323734  -0.0115441427
  0.7883401611  -0.0109884993
  0.7926161171  -0.0104478161
  0.7968597696  -0.0099221301
  0.8010706499  -0.0094114594
  0.8052482932  -0.0089158039
  0.8093922383  -0.0084351456
  0.8135020277  -0.0079694488
  0.8175772078  -0.0075186607
  0.8216173286  -0.0070827116
  0.8256219442  -0.0066615157
  0.8295906124  -0.0062549714
  0.8335228951  -0.0058629615
  0.8374183582  -0.0054853545
  0.8412765716  -0.0051220041
  0.8450971095  -0.0047727508
  0.8488795500  -0.0044374216
  0.8526234757  -0.0041158311
  0.8563284731  -0.0038077821
  0.8599941332  -0.0035130656
  0.8636200515  -0.0032314624
  0.8672058275  -0.0029627426
  0.8707510655  -0.0027066673
  0.8742553741  -0.0024629882
  0.8777183663  -0.0022314491
  0.8811396600  -0.0020117861
  0.8845188773  -0.0018037280
  0.8878556454  -0.0016069975
  0.8911495956  -0.0014213113
  0.8944003646  -0.0012463811
  0.8976075933  -0.0010819138
  0.9007709277  -0.0009276126
  0.9038900186  -0.0007831769
  0.9069645217  -0.0006483038
  0.9099940975  -0.0005226876
  0.9129784116  -0.0004060214
  0.9159171345  -0.0002979967
  0.9188099418  -0.0001983048
  0.9216565142  -0.0001066365
  0.9244565374  -0.0000226832
  0.9272097023  0.0000538630
  0.9299157049  0.0001233084
  0.9325742466  0.0001859580
  0.9351850337  0.0002421142
  0.9377477782  0.0002920770
  0.9402621971  0.0003361433
  0.9427280128  0.0003746070
  0.9451449531  0.0004077577
  0.9475127512  0.0004358816
  0.9498311456  0.0004592602
  0.9520998805  0.0004781703
  0.9543187054  0.0004928842
  0.9564873753  0.0005036685
  0.9586056508  0.0005107849
  0.9606732980  0.0005144892
  0.9626900888  0.0005150316
  0.9646558004  0.0005126562
  0.9665702159  0.0005076009
  0.9684331239  0.0005000974
  0.9702443188  0.0004903712
  0.9720036005  0.0004786409
  0.9737107750  0.0004651188
  0.9753656536  0.0004500103
  0.9769680538  0.0004335142
  0.9785177986  0.0004158224
  0.9800147170  0.0003971201
  0.9814586437  0.0003775853
  0.9828494192  0.0003573895
  0.9841868901  0.0003366971
  0.9854709087  0.0003156655
  0.9867013333  0.0002944455
  0.9878780279  0.0002731808
  0.9890008628  0.0002520083
  0.9900697139  0.0002310582
  0.9910844633  0.0002104538
  0.9920449989  0.0001903118
  0.9929512148  0.0001707421
  0.9938030107  0.0001518479
  0.9946002928  0.0001337260
  0.9953429730  0.0001164666
  0.9960309693  0.0001001534
  0.9966642058  0.0000848635
  0.9972426125  0.0000706679
  0.9977661256  0.0000576309
  0.9982346874  0.0000458110
  0.9986482460  0.0000352599
  0.9990067558  0.0000260235
  0.9993101773  0.0000181413
  0.9995584769  0.0000116468
  0.9997516273  0.0000065672
  0.9998896070  0.0000029238
  0.9999724010  0.0000007317
  1.0000000000  0.0000000000
